28000.11
-0.10
-0.97
0.79
0.06
-0.55
-33.87
60.53
30.37
821.07
31230.13
-0.09
-0.96
1.59
0.49
-0.85
-33.87
62.86
28.12
821.07
34440.11
-0.08
-0.97
-0.55
0.18
-0.73
-33.87
60.53
29.25
821.08
37660.10
-0.13
-0.96
1.53
1.16
-0.79
-35.04
62.86
28.12
821.08
40870.20
-0.08
-0.96
-0.31
-2.01
-0.31
-33.87
60.53
27.00
821.09
44090.12
-0.06
-0.97
0.24
-2.81
-0.79
-32.70
62.86
29.25
821.10
47300.10
-0.06
-0.97
0.73
-0.73
-0.67
-35.04
62.86
29.25
821.10
51480.14
-0.10
-0.96
-0.31
0.06
-1.28
-33.87
61.70
27.00
821.10
54700.12
-0.08
-0.97
0.00
0.73
-0.85
-33.87
64.02
29.25
821.11
57920.12
-0.08
-0.97
0.43
-0.18
-0.73
-35.04
60.53
32.63
821.11
61150.16
-0.05
-0.95
0.24
0.61
-1.04
-36.21
61.70
28.12
821.12
27610.14
-0.04
-0.97
0.92
0.06
-0.98
-25.70
-82.65
2.25
820.89
30840.12
-0.04
-0.97
-0.18
0.67
-0.55
-18.69
-67.52
15.75
820.89
34060.04
-0.08
-0.97
0.49
0.55
-0.85
-22.19
-83.81
1.12
820.89
37330.10
-0.04
-0.97
0.55
0.67
-0.98
-35.04
-73.34
11.25
820.89
40560.12
-0.05
-0.97
0.43
1.34
-0.55
-22.19
-83.81
9.00
820.90
43770.12
-0.02
-0.96
1.34
1.22
-1.04
-33.87
-97.78
16.87
820.91
47000.14
-0.03
-0.96
0.00
0.98
-1.22
-23.36
-83.81
0.00
820.91
50210.10
-0.03
-0.97
0.67
0.06
-0.98
-23.36
-81.48
10.13
820.92
53440.11
-0.04
-0.97
0.18
0.79
-0.98
-23.36
-83.81
0.00
820.92
56660.10
-0.02
-0.97
0.37
0.43
-1.10
-24.53
-82.65
9.00
820.93
59930.11
-0.03
-0.97
0.61
0.43
-1.10
-23.36
-81.48
6.75
820.93
63150.12
-0.03
-0.98
0.31
0.31
-0.98
-21.02
-90.80
12.38
820.93
66370.12
-0.02
-0.98
0.18
-0.49
-1.04
-18.69
-77.99
16.87
820.94
69590.10
-0.03
-0.97
0.43
0.55
-0.98
-15.18
-91.96
9.00
820.94
72810.12
-0.03
-0.97
0.12
0.24
-0.98
-24.53
-81.48
10.13
820.94
76040.10
-0.02
-0.97
0.37
0.12
-0.98
-23.36
-82.65
0.00
820.95
79460.11
-0.03
-0.97
0.06
0.85
-1.16
-23.36
-82.65
1.12
820.95
82680.11
-0.03
-0.97
0.06
0.00
-1.10
-24.53
-82.65
7.88
820.96
85870.11
-0.03
-0.97
0.61
0.55
-0.73
-22.19
-82.65
-1.12
820.96
89190.11
-0.03
-0.97
0.00
0.37
-0.92
-21.02
-83.81
10.13
820.96
92480.10
-0.02
-0.97
0.67
0.55
-0.98
-24.53
-81.48
10.13
820.97
95710.11
-0.04
-0.97
0.43
-0.06
-0.98
-26.86
-81.48
0.00
820.98
98920.10
-0.02
-0.97
0.37
0.00
-0.67
-23.36
-81.48
1.12
820.98
102160.11
-0.03
-0.97
0.49
0.43
-0.98
-23.36
-83.81
1.12
820.98
105390.10
-0.03
-0.97
0.12
0.06
-1.22
-24.53
-81.48
1.12
820.98
108610.10
-0.02
-0.95
0.49
0.61
-1.28
-26.86
-83.81
5.63
820.98
111840.10
-0.03
-0.97
0.12
-0.24
-1.22
-21.02
-77.99
9.00
820.99
115050.10
-0.01
-0.99
1.16
1.22
-0.79
-25.70
-81.48
0.00
820.99
118280.11
-0.03
-0.97
0.18
0.31
-1.04
-15.18
-75.66
11.25
820.99
121490.11
-0.03
-0.97
0.18
0.61
-1.28
-22.19
-81.48
0.00
820.99
124730.10
-0.01
-0.98
0.18
-0.12
-0.67
-28.03
-79.16
14.63
821.00
127950.11
-0.03
-0.97
0.12
0.12
-1.16
-23.36
-81.48
10.13
821.00
131180.10
-0.02
-0.97
0.37
0.31
-0.92
-18.69
-74.50
11.25
821.00
134400.11
-0.03
-0.96
0.24
0.06
-0.92
-23.36
-80.32
6.75
821.00
137620.10
-0.02
-0.97
0.24
0.18
-0.85
-22.19
-73.34
11.25
821.00
140850.13
-0.03
-0.98
0.67
0.73
-1.10
-25.70
-83.81
11.25
821.00
144100.10
-0.02
-0.97
0.24
0.12
-0.67
-31.54
-74.50
9.00
821.01
147330.13
-0.03
-0.98
0.55
-0.31
-0.79
-22.19
-81.48
2.25
821.01
150550.10
-0.03
-0.97
0.06
0.00
-1.04
-33.87
-89.63
9.00
821.01
153940.12
-0.03
-0.97
0.61
0.24
-0.92
-23.36
-82.65
1.12
821.01
157130.10
-0.03
-0.98
0.31
-0.06
-0.85
-18.69
-88.47
13.50
821.01
160350.11
-0.03
-0.97
0.43
1.04
-1.16
-23.36
-81.48
0.00
821.01
163580.11
-0.02
-0.98
0.06
-0.06
-1.28
-31.54
-79.16
7.88
821.01
166850.11
-0.02
-0.97
0.55
0.37
-0.79
-25.70
-82.65
2.25
821.01
170070.11
-0.02
-0.97
0.31
0.18
-0.85
-33.87
-88.47
9.00
821.01
173300.10
-0.03
-0.98
0.37
0.06
-1.16
-24.53
-82.65
7.88
821.01
176520.11
-0.03
-0.97
0.18
0.24
-0.98
-24.53
-83.81
9.00
821.01
179740.10
-0.02
-0.98
0.49
0.31
-1.28
-24.53
-83.81
2.25
821.02
182960.11
-0.02
-0.97
0.67
0.43
-1.04
-23.36
-82.65
9.00
821.02
186230.10
-0.03
-0.97
0.12
0.18
-1.22
-24.53
-81.48
1.12
821.02
189460.11
-0.03
-0.98
0.24
0.85
-1.22
-23.36
-81.48
11.25
821.02
192640.11
-0.03
-0.98
0.67
-0.06
-1.04
-23.36
-81.48
2.25
821.02
195870.10
-0.03
-0.98
0.18
0.43
-0.92
-17.52
-90.80
11.25
821.02
199090.11
-0.02
-0.97
0.31
0.06
-0.85
-24.53
-80.32
2.25
821.02
202310.11
-0.03
-0.97
0.73
-0.24
-0.92
-23.36
-81.48
10.13
821.02
205530.09
-0.03
-0.97
0.18
1.04
-1.22
-19.86
-77.99
13.50
821.02
208800.12
-0.02
-0.97
-0.12
0.55
-1.04
-25.70
-81.48
1.12
821.02
212010.11
-0.02
-0.98
0.12
0.00
-0.85
-22.19
-83.81
4.50
821.02
215240.10
-0.03
-0.98
0.00
0.61
-0.98
-24.53
-83.81
1.12
821.02
218630.11
-0.02
-0.97
0.18
0.24
-0.67
-24.53
-83.81
3.38
821.02
221850.09
-0.03
-0.97
0.67
-0.49
-1.04
-22.19
-84.98
2.25
821.02
225040.10
-0.03
-0.97
-0.12
0.43
-1.10
-17.52
-74.50
9.00
821.02
228270.11
-0.02
-0.97
0.37
0.55
-1.04
-24.53
-83.81
3.38
821.02
231530.11
-0.03
-0.97
0.49
0.49
-0.92
-26.86
-77.99
16.87
821.02
234760.10
-0.02
-0.98
0.55
0.06
-1.04
-23.36
-82.65
1.12
821.02
237980.11
-0.03
-0.97
0.37
0.37
-1.16
-23.36
-80.32
1.12
821.02
241170.10
-0.03
-0.97
0.43
0.43
-0.98
-22.19
-84.98
0.00
821.02
244390.11
-0.01
-0.97
0.43
0.24
-1.10
-18.69
-75.66
9.00
821.02
247620.10
-0.04
-0.96
0.43
0.18
-0.98
-25.70
-80.32
10.13
821.02
250890.10
-0.00
-0.97
0.12
0.37
-1.10
-33.87
-73.34
11.25
821.02
254110.10
-0.03
-0.97
0.85
0.06
-0.98
-23.36
-81.48
2.25
821.02
257330.10
-0.02
-0.97
0.06
0.00
-0.98
-30.37
-91.96
7.88
821.02
260550.10
-0.02
-0.97
0.98
0.73
-1.28
-24.53
-81.48
2.25
821.03
263770.11
-0.03
-0.98
0.12
0.43
-1.16
-25.70
-87.30
14.63
821.03
266990.10
-0.02
-0.97
0.73
0.31
-0.85
-23.36
-82.65
1.12
821.03
270220.11
-0.04
-0.97
0.31
0.55
-0.85
-18.69
-88.47
13.50
821.03
273480.12
-0.01
-0.97
0.18
0.37
-1.04
-24.53
-81.48
2.25
821.03
276700.10
-0.03
-0.97
0.79
0.18
-0.98
-29.20
-90.80
9.00
821.03